1.000000 
2.649200 
4.565600 
7.028010 
9.531907 
12.545449 
15.475679 
18.912073 
22.334275 
26.151881 
30.165108 
34.479809 
38.414276 
42.844292 
47.214071 
51.859699 
56.811527 
62.139558 
67.513328 
73.712290 
79.363217 
85.359233 
90.875762 
97.310488 
103.343143
109.045293 
115.436683 
122.827815 
129.694146 
137.228783 
144.982937 
152.118674 
159.354544 
167.201792 
174.279743 
181.377829 
188.115593 
198.500368 
208.220034 
217.400656 
227.950745 
238.455435 
247.111431 
256.871131 
266.034326 
277.475169 
288.814472 
296.626691 
304.291447 
312.235874 
322.367502 
332.638074 
342.407959 
352.398983 
363.460043 
369.377125 
378.086777 
384.627944 
389.644132 
400.352738 
409.147662 
417.808810 
429.158125 
443.456658 
454.139112 
458.809563 
468.470313 
477.513042 
487.434256 
495.059653 
502.807796 
507.677403 
513.682560 
524.099839 
539.443590 
549.877520 
566.858634 
580.088473 
599.132055 
602.514723 
610.463851 
605.423706 
614.300047 
603.068925 
619.465751 
628.025275 
643.832352 
666.870592 
658.393268 
641.590697 
645.595483 
655.432644 
663.644336 
659.821682 
678.683426 
690.528769 
710.214660 
727.863375 
749.476296 
764.417404