1.000000 
2.669600 
4.521600 
6.982220 
9.411567 
12.425600 
15.450444 
18.963191 
22.337967 
26.089489 
30.130818 
34.535937 
38.867795 
43.514102 
48.317781 
52.955300 
57.773291 
63.022032 
68.178072 
73.727618 
79.253014 
85.125043 
91.283494 
97.323607 
103.950894 
109.954496 
116.640345 
123.240705 
129.918363 
137.047858 
143.188723 
157.580813 
165.075136 
171.959253 
178.517378 
183.191635 
188.750252 
195.592082 
201.163237 
208.064985 
213.760909 
218.554776 
225.142271 
231.275021 
235.498480 
241.395630 
249.510825 
258.253082 
268.553960