0.000344
0.000039
0.000360
-0.000046
-0.000063
0.000510
0.000036
0.000230
-0.000191
-0.000268
-0.000847
0.000146
-0.000112
-0.000090
0.000049
0.000335
0.000492
-0.000180
-0.000454
-0.000135
-0.000243
0.000195
-0.000389
0.000780
-0.000427
-0.000399
0.000136
0.000379
-0.000067
-0.000170
-0.000630
-0.000157
0.000296
0.000014
0.000307
0.000253
-0.000039
0.000577
-0.000122
-0.000262
-0.000092
-0.000489
0.000087
-0.000450
-0.000174
0.000160
-0.000075
0.000291
0.000356
-0.000068
-0.000228
-0.000473
-0.000444
0.000004
0.000156
-0.000423
0.000346
-0.000333
-0.000590
-0.000416
-0.000544
0.000468
-0.000153
-0.000362
-0.000253
-0.000286
0.000028
-0.000113
0.000294
-0.000183
-0.000348
-0.000016
-0.000095
-0.000263
-0.000534
0.000455
-0.000190
0.000832
-0.000524
0.000051
0.000031
-0.000296
-0.000127
-0.000056
0.000328
-0.000131
-0.000803
0.000241
0.000477
0.000469
-0.000437
-0.000590
-0.000452
-0.000260
0.000547
-0.000064
-0.000227
0.000084
-0.000346
0.000285
-0.000332
0.000196
0.000473
-0.000434
-0.000303
-0.000129
-0.000034
-0.000298
0.000305
-0.000254
-0.000166
0.000195
-0.000011
0.000153
0.000872
-0.000008
-0.000075
-0.000440
0.000232
0.000021
0.000237
-0.000353
-0.000379
-0.000290
0.000202
0.000486
-0.000077
-0.000515
-0.000096
-0.000193
0.000053
0.000172
-0.000769
-0.000243
-0.000098
-0.000153
-0.000013
-0.000399
-0.000089
-0.000282
-0.000275
-0.000319
-0.000518
0.000340
0.000522
0.000421
0.000177
0.000398
0.000194
-0.000039
0.000070
-0.000290
-0.000410
-0.000338
0.000083
0.000034
0.000003
-0.000356
-0.000219
-0.000056
0.000282
-0.000293
-0.000089
0.000105
-0.000412
0.000621
-0.000860
-0.000182
-0.000233
0.000018
-0.000704
-0.000243
-0.000161
-0.000106
-0.000461
-0.000412
0.000010
0.000021
-0.000376
-0.000003
-0.000323
0.000227
-0.000046
-0.000052
-0.000150
-0.000544
-0.000316
0.000411
-0.000184
0.000187
-0.000155
0.000897
-0.000045
0.000151
0.000222
-0.000087
-0.000048
-0.000305
0.000324
0.000106
-0.000336
-0.000349
0.000061
0.000652
0.000105
-0.000739
0.000002
-0.000243
-0.000034
0.000103
0.000131
-0.000018
0.000097
-0.000248
0.000142
0.000363
-0.000109
0.000491
-0.000729
-0.000313
-0.000392
-0.000272
-0.000018
-0.000532
-0.000064
-0.000183
0.000426
-0.000379
0.000044
0.000118
0.000600
0.000698
-0.000081
-0.000079
-0.000167
0.000315
0.000224
-0.000407
-0.000109
0.000220
0.000260
-0.000437
-0.000642
-0.000196
-0.000113
0.000060
-0.000260
-0.000179
-0.000157
-0.000718
-0.000509
-0.000382
0.000284
0.000052
0.000098
-0.000389
-0.000386
0.000215
-0.000489
0.000046
0.000176
-0.000019
0.000093
-0.000462
0.000795
0.000247
0.000664
-0.000293
-0.000080
-0.000076
-0.000180
0.000051
0.000082
-0.000014
0.000021
-0.000431
-0.000422
-0.000343
0.000054
0.000750
-0.000833
-0.000581
0.000324
0.000065
0.000210
-0.000502
0.000088
-0.000248
0.000132
0.000076
-0.000100
-0.000208
-0.000113
-0.000070
0.000268
0.000012
0.000484
-0.000025
0.000315
