0.142879
-0.520010
1.563721
0.760117
-0.520401
-1.073799
1.061268
0.671558
-1.024818
-1.194687
-0.628319
2.173576
0.069761
-1.056099
2.720146
0.000591
0.129471
2.596207
1.544666
-1.217699
-0.665321
-1.040955
0.163002
-0.956573
1.398754
0.150337
-1.628685
0.960217
-0.509701
-0.003691
0.246639
-1.865597
-0.494108
-0.328779
-1.119251
-0.672026
0.672131
-0.130072
0.163555
1.088352
-0.165310
0.192499
-0.824986
-0.601921
-0.809269
-2.146225
-1.317415
-0.491705
0.855904
-0.346718
-1.425190
0.445938
1.547890
-1.215668
-1.249123
0.891161
0.236721
-1.740246
1.075258
0.077705
-1.091194
-0.477619
-0.109510
-0.993710
-0.581427
-0.798416
0.073547
-0.438385
0.755367
0.182562
1.553230
0.864410
1.481514
0.928144
-1.557636
-0.021667
-0.284691
0.373821
-0.492249
0.169029
0.828133
-1.281681
1.002722
-0.192652
-0.240021
0.805607
0.185595
1.726990
-0.546551
0.475321
0.868244
0.438595
1.161861
-1.230984
0.275297
0.515404
-1.260433
0.678272
1.099911
-0.072746
2.226238
-0.017710
-0.261574
1.237946
-0.145702
-1.362801
0.114346
0.076046
-0.340357
0.466385
0.172777
-0.439014
-0.125113
-1.067982
-0.040960
-0.334578
1.015387
-2.893982
-1.366997
-0.026369
0.945568
-1.388302
-0.286160
-0.248766
0.102959
-0.310478
-0.843849
0.181789
1.506157
-1.998501
0.080776
0.072498
0.759411
-0.535116
-1.581306
0.955467
-0.043297
-0.024166
0.392036
1.038742
-0.802593
-1.158075
-0.522385
0.428848
0.055809
-0.413017
0.149231
0.466089
-0.386543
0.119114
0.027723
-0.284405
1.208763
-0.263214
-0.721626
-0.067844
-1.613197
-0.144100
-0.392084
-0.858879
1.228304
0.318985
-0.357475
-0.723543
1.897640
-0.627804
-1.899605
0.931683
-0.318222
-0.008621
-0.221176
-0.896645
-1.998520
1.579094
-1.839027
-0.267639
-0.300446
-0.525293
-0.315571
0.883007
-0.547390
-0.493279
0.862427
-0.526905
-0.694828
-0.549831
0.267801
-0.377369
1.632938
-0.157833
-0.584564
-0.420809
-0.247297
-1.827354
0.358257
-0.671997
0.728455
0.113649
0.722790
1.960258
0.452156
0.742912
0.569592
0.327435
0.336695
1.101665
-0.257177
-0.059290
0.839529
-0.083656
1.733665
0.626049
-1.782551
0.691214
0.114861
-1.001759
-1.168671
-0.664616
-0.933857
0.349712
-1.063194
0.146275
-1.895733
-1.097565
-0.978813
0.334129
0.883455
1.118679
-0.688362
-1.311111
1.886730
-0.615206
0.632143
-0.659485
0.479031
-0.563917
-1.076632
-1.675549
1.556168
1.391964
-0.450039
0.688152
-0.386162
1.584625
-1.272087
-1.089849
0.630302
-0.549307
-0.228405
0.378323
-0.542564
-0.186796
-0.995026
1.079750
-0.879078
1.459084
0.974493
0.339489
1.377926
0.565300
-0.127430
0.128908
1.739025
-0.450363
1.661415
1.087875
1.367016
0.444717
-1.125908
0.333118
0.240555
0.718269
0.374889
-0.028648
-1.103096
0.533705
0.489178
-0.562525
-0.552235
0.366392
-0.111961
0.885944
-0.113554
-0.190639
1.699791
-0.150471
-0.178947
1.797752
-0.832958
-1.590900
-1.526852
0.775099
-0.790024
-0.801773
0.713921
-1.562710
-1.593075
-0.619678
0.366163
-0.749626
0.054989
1.642532
-0.420418
0.110893
-1.062584
-0.772285
0.144711
-0.855255
0.451736
-0.737009
0.192852
-0.953503
-0.271845
-0.780153
-0.673170
1.306839
-0.279875
-1.079426
-0.319405
-0.163193
1.825523
0.079279
1.471329
0.906630
-0.567865
1.422539
0.704842
0.095673
-0.547600
-0.210114
-0.415192
-0.700703
2.314072
0.197239
0.248280
-0.084953
-0.407982
0.395365
-0.977402
0.238476
-1.937103
-1.058064
-0.382299
0.129108
-0.135918
-1.813946
-0.276413
-0.670156
0.227890
0.026503
1.030550
-1.300554
-0.512352
-1.064625
1.729145
-0.062523
-0.409966
0.199099
0.806389
-0.930214
0.369015
0.093193
0.418167
-1.389637
-0.986681
1.327496
-1.627140
0.375910
0.223436
0.383587
1.293697
-2.229691
1.286335
-0.916367
-0.144081
-1.071692
-0.363531
1.554775
1.280451
-0.186605
0.409012
1.075745
0.554886
-0.767670
-0.217953
-1.091251
0.850391
1.901531
-1.418171
1.181993
-0.356750
0.591660
0.166874
0.621471
-0.554504
1.222248
1.191444
1.314354
-0.389557
0.239077
-1.755676
0.451994
1.031704
0.789318
0.299740
0.627270
0.327263
-1.337652
1.162758
-0.561485
-0.685215
0.068512
1.061506
-0.769892
0.295086
-0.248909
0.197105
0.110435
0.387173
0.032816
-0.165806
0.861025
0.858603
-0.949593
-0.338478
-0.306873
0.077391
0.056572
0.007658
0.584240
0.575895
-0.052490
1.388359
-0.225201
-0.185738
-0.343866
1.652126
1.499138
1.060638
0.465221
0.206890
0.339413
0.830259
1.149330
1.373749
-0.123558
1.332588
0.812359
0.671101
-1.021471
-0.515060
1.083260
0.146255
-0.842199
-1.436806
-0.025043
-2.281532
-0.622692
-0.517139
1.435890
0.343637
-2.090187
0.847425
-0.298290
0.117378
0.563412
-0.966034
1.844997
0.455446
1.417198
0.014362
2.066154
-0.210934
-0.406942
-0.081310
0.823298
1.552181
-1.814423
-0.665150
-1.166897
0.336695
-1.025686
-1.101303
-1.015606
0.347157
0.153999
0.431108
-0.297079
-0.461540
0.715046
0.771255
-0.120544
1.281681
-1.218948
-0.066547
-1.057186
0.802412
0.225306
1.151924
0.475092
1.228590
-0.520935
-1.887703
-0.689468
1.631794
-1.073437
-0.969124
0.044899
-0.858021
0.729218
-1.992207
-1.471577
-0.939884
-0.097141
-1.245575
0.959673
0.620308
-0.626411
0.175343
-0.018215
-0.012350
-0.525627
0.021992
0.165958
-0.533819
1.207905
1.266899
0.544777
1.241264
-0.866146
-1.661015
0.414190
-0.294914
0.510044
-0.936565
-0.245171
-0.238590
0.017757
-0.359192
1.406326
0.102730
-1.316528
0.348663
1.463490
-0.054159
-1.401100
-0.370045
-0.334473
0.496807
-0.428953
-0.137024
0.851793
-0.093203
0.833817
-1.004066
1.303101
-1.657906
-1.927223
1.581993
0.376148
-0.034580
0.062551
-0.390053
-1.809559
0.606747
-0.197754
0.250702
-0.740252
-1.780872
0.652924
-0.687599
-0.686302
0.097990
0.065498
-1.486397
0.008297
-0.654678
-0.774403
0.498991
0.926409
2.748566
-0.526199
-1.024017
-1.227112
-1.762524
-1.408949
0.216331
0.418758
-0.870056
2.062740
0.443287
0.569763
0.821533
0.444899
1.423845
-0.901337
-0.034847
-0.292301
-0.132523
1.445236
-1.344891
-0.818310
-0.587349
-0.023193
0.294189
-1.260815
-1.204882
-0.227509
0.418768
1.148653
-1.083202
0.026293
-1.436157
-0.710058
0.801582
-0.116634
0.634575
-0.155392
0.512257
0.155277
-0.747662
-0.247183
-1.581650
0.119696
0.120945
0.926151
-1.203365
0.214243
0.044956
-2.624207
-2.464752
-0.519285
0.192280
0.132618
-1.254969
2.220268
-0.167532
0.623236
-0.016518
1.123953
-0.503311
-0.258999
2.397385
-2.151184
-0.120058
-0.837517
0.172462
-0.562267
-1.018448
0.529652
0.730076
1.240721
0.244637
-0.832710
0.244799
0.478477
-0.988007
-0.303059
-2.405624
-0.310717
-0.437737
-1.045780
-1.147738
1.828270
-0.081062
-1.083431
0.329933
-0.694332
-0.158806
0.649681
1.674023
-0.188494
0.053158
2.074604
0.118961
1.665688
0.617962
0.435438
0.920963
-0.440769
1.077824
0.830612
-0.392971
-0.351276
0.500059
-0.783100
0.066090
-0.333710
1.335468
1.718826
0.250187
-0.619984
1.372471
-0.072250
-0.116062
-0.773296
-0.297089
0.490818
-2.238426
-0.417328
0.598516
-0.005016
1.544991
-1.900082
0.172462
-1.473637
0.506372
0.983686
-1.836338
1.104832
1.437798
0.186558
0.004549
-0.100517
0.127516
-1.026039
0.819139
-0.713539
0.665493
-0.276718
0.621204
-1.251240
-0.196915
-1.587162
-1.492882
-1.605682
1.204605
0.377235
-0.252886
1.351366
0.729752
1.270599
0.187283
-0.507622
-1.082888
-1.019783
1.239452
0.812969
-0.112104
0.480175
-1.071148
1.207247
1.361580
-0.214548
1.195641
0.180607
0.009308
-0.450935
-1.025696
2.326622
-0.244465
-2.185097
1.027527
0.554075
1.533585
0.315285
0.081940
-0.252161
0.419044
-0.566730
0.028572
-1.185198
-0.235395
0.029869
-0.359316
-0.111303
0.757179
-0.973253
0.696526
0.587559
0.657730
-0.914192
0.587387
1.096478
-0.165157
0.031414
0.173016
-2.001152
0.915089
1.392918
1.927223
0.309219
0.060196
0.033073
2.872696
-1.850891
-0.697575
0.581551
-1.499882
0.114622
-0.720615
2.557526
-0.056753
-0.074663
0.382233
-0.018473
1.742802
0.152931
0.274429
-0.316858
0.087519
0.961637
0.469084
-0.892258
0.276546
0.655069
-0.082874
0.430317
2.454224
-0.459328
0.030403
-1.845398
-1.456280
-1.494331
-0.520515
1.169300
1.219559
-0.503025
-0.609360
-0.581989
1.406384
0.830812
-1.407318
-0.836220
-1.470280
-0.095167
-1.825523
0.670033
-0.932484
0.117302
-0.552998
-0.320826
0.479937
-1.479092
-0.356197
1.493931
0.905724
0.414829
-0.272541
0.016623
-0.600042
-0.771694
0.806923
-0.113411
-0.780287
0.713158
0.865135
-0.220909
0.423813
-0.021076
0.426922
0.460892
-1.091175
0.345249
1.492271
-0.432920
-0.576382
-0.525618
-1.506805
0.093851
0.242538
0.685863
0.906820
1.310902
1.665001
1.494980
-0.192776
0.615292
-1.112595
-0.402441
-0.426006
-0.957632
-1.031952
-1.716805
1.277647
0.136909
0.970783
0.399647
-1.271172
1.335430
0.997601
-1.425114
0.685320
-1.242828
0.416069
0.196018
-0.009689
0.249319
-2.306747
1.172791
-0.729218
-1.700230
-0.999031
-0.691338
-0.090046
1.067524
0.013285
-1.092052
0.035725
-1.271172
-0.073051
-0.116205
0.603924
0.486536
1.668072
-0.674267
-0.218887
0.618019
0.724430
-0.790052
0.791817
-0.548668
2.007980
-0.416508
1.555405
1.472626
-0.788994
0.311050
0.821285
1.005812
-0.085297
1.618481
0.044880
0.928612
-0.342665
0.949650
-1.787319
0.706148
0.401239
0.627766
0.401230
0.576515
-1.109715
-0.022163
0.295563
-0.879097
-0.059052
0.245819
1.809082
0.106030
-2.308922
-0.741758
-1.086025
1.023188
-0.512419
1.153145
0.690556
-0.732937
-0.717564
2.713127
1.203709
0.386944
0.290270
-0.741463
-1.261988
0.498743
0.903511
-0.846758
0.113907
0.043421
-1.174889
-0.006580
-0.026665
1.114998
-0.627222
-0.595970
0.699453
-1.242523
-0.408335
0.209789
-0.112381
-0.596619
-0.223370
0.017204
0.636635
2.311821
0.503397
-0.044641
0.259876
-1.746464
-0.770321
1.795521
2.638779
-2.590256
-0.138111
-0.052214
0.698109
0.421867
0.012150
-0.371571
0.575905
-0.025320
-0.966530
2.010708
0.917568
0.111151
0.461597
0.478840
0.219193
0.234022
-1.846733
0.654545
-1.050034
-0.831642
0.202312
-0.458832
-0.014696
-0.260525
0.771513
-0.382690
-0.943794
-0.550861
-0.760956
-1.805553
0.306702
-1.125660
-1.521893
-0.039616
0.981731
2.052135
-0.134697
1.229229
-0.993366
-0.381393
-0.582428
-0.546408
0.189714
-1.135798
-0.142851
1.120110
0.025692
-0.473900
1.054993
1.293144
-0.636883
0.005112
1.045923
0.278091
-0.740471
0.813160
0.165167
0.332832
-0.379267
0.202494
-0.247173
-0.798264
-0.629311
-0.833817
-1.002655
0.197582
1.384773
0.618267
-1.198587
-1.791592
-2.205811
0.344782
0.786324
-1.018696
-0.088387
2.562408
0.888147
0.930634
-2.148018
0.402527
0.095043
-1.284466
-0.894375
0.116024
0.499172
-2.560577
-0.598440
-1.458359
-1.782074
0.768299
-0.234089
-2.127342
-0.284586
0.193634
1.870270
-0.690584
0.641212
-2.170486
-0.009899
-0.421791
-0.099926
0.400810
-1.098976
-0.076294
0.462637
-0.793056
-1.639023
0.441818
0.156574
2.628212
0.095882
-0.101547
-0.899143
0.946350
-1.213818
-0.989809
2.749786
0.263300
-0.328541
1.204605
0.682325
0.144711
2.781677
-1.553230
-0.278254
-0.488777
-0.635262
-0.626183
1.032543
1.050987
-0.491199
-0.111370
-0.480070
-0.039053
1.645908
0.762835
-0.496206
0.119133
0.960865
-1.855049
-0.220499
0.562973
-0.390110
-0.628891
0.319405
0.968895
-0.217991
0.048695
-0.707664
0.058498
-0.204105
0.495987
1.485004
0.260201
-0.779057
0.364723
1.001911
2.540245
-0.273685
0.436687
-0.116367
-0.874195
-0.265331
-0.488262
0.357151
0.647259
-0.610723
0.717621
0.381260
0.388393
0.524921
-0.363340
1.068077
-0.534153
-2.114754
1.268406
-0.410366
0.527878
0.175400
-0.160561
0.529995
-1.055470
0.823812
0.530272
0.585556
1.761589
-0.173359
-0.486736
-1.053791
0.679169
-0.358639
-1.413927
-0.494270
-1.647472
-1.994781
-0.508728
0.587349
-1.230431
-1.127319
0.493908
0.016174
1.751137
0.772839
-1.476040
1.640148
0.364819
-0.084648
-1.527958
0.467196
1.084394
-0.910301
0.519104
1.327267
-0.869179
1.551170
0.255346
0.353203
-0.707951
0.366669
-0.103779
-0.195160
1.668530
-0.047474
0.549564
1.171360
-0.230484
1.825066
1.053505
-2.553825
0.313034
2.038288
0.203552
-0.341606
1.138229
-1.380558
0.171413
-0.967960
-0.282459
-0.741463
0.011711
2.247963
-0.909328
0.369215
0.597792
-2.105885
-0.356741
0.048847
0.070782
0.524731
-2.016602
-0.079613
-2.418785
0.850182
-0.403814
-2.124939
0.151310
-0.101366
0.996866
0.520144
0.227394
-0.715408
0.847683
1.371841
1.173687
0.446491
0.837936
0.496235
0.799913
-1.284122
-0.140371
0.970592
-0.082092
-0.880375
0.193014
-0.730801
-1.888618
0.053062
0.285006
1.218061
0.811558
-0.110235
0.497856
0.495548
-0.044222
1.397877
-1.341076
-1.167412
0.353985
1.187286
0.040436
1.530056
0.005064
-0.679512
0.180435
1.822014
-0.942097
-0.115032
-0.299091
1.140862
1.231327
0.058727
0.436935
-0.426369
-0.549774
-0.366821
-1.786900
-1.910610
-0.904846
0.014496
-0.487213
0.650225
1.744804
-1.310234
0.160036
-0.360909
0.638161
0.687389
-0.047779
0.203609
-0.810356
0.456362
0.535240
-0.819044
-0.558548
-0.353603
1.189146
-0.828047
-2.561607
0.182829
1.304970
-0.370770
-0.793648
0.327854
0.801277
-0.112495
0.923729
-3.824615
-0.323992
0.067158
1.228600
-0.121918
0.830841
0.595579
0.295753
-2.355614
-0.754929
-0.385809
-1.722164
-0.879021
-0.477428
0.632076
-0.968513
-0.511274
1.908264
0.333300
0.069561
-1.037617
-1.639767
1.145554
-0.524597
0.406322
-0.835934
0.510864
1.409588
1.807365
0.866213
1.410904
0.660381
-0.810432
-1.913528
-0.673714
1.916447
0.453100
0.998192
0.142422
-0.213108
-0.152607
-0.088406
-1.075802
0.571747
0.403843
0.948086
0.576773
-0.274105
0.411806
-0.087090
0.739403
-0.277519
-0.834618
0.207157
-1.237955
0.287027
-0.291500
0.033321
0.892801
-1.070576
-0.607300
1.180191
0.255413
0.928402
-0.285597
0.247955
-1.032467
-0.439463
1.645985
0.396996
-0.623789
-1.347122
-0.499182
2.322197
0.123138
-1.382465
1.470566
-0.167942
0.621452
0.245333
1.286945
-0.596857
-0.215092
-0.301437
-1.120987
0.293980
0.034828
1.532230
-0.650101
-1.030750
0.860863
1.664562
-1.358604
-0.678749
0.530758
-0.118551
0.712824
-0.038548
1.208830
-0.510969
0.030880
-0.794888
-0.629940
-0.960751
2.413750
1.879635
-0.549030
1.354809
1.795063
1.850414
-1.180725
-0.028458
1.691360
0.039902
-0.042677
-0.740747
-0.426626
1.271534
1.818867
0.932178
-0.761127
-0.930233
1.066360
1.022377
0.000381
-0.572853
0.693607
0.189400
0.081606
1.263819
0.600739
0.657787
0.670090
0.905266
-0.495949
-1.463108
-1.251621
-0.687103
-0.520048
-0.882597
0.016251
-0.968590
-1.094398
-2.036629
1.641350
-0.948257
2.000103
0.935268
-1.118126
1.282635
-0.322437
1.922340
0.789614
2.153511
1.059780
-0.892000
0.232868
-1.159506
0.040798
1.283798
-0.967941
0.415516
-0.252037
-1.036739
1.997452
-0.004501
-0.256071
-1.741505
2.401505
0.311375
-0.218544
1.214428
0.714531
0.046463
0.732460
0.644321
0.922556
-1.000404
-0.545473
-1.729546
1.464520
-0.681915
0.204687
-0.433941
-0.805511
-0.490894
-1.426430
0.174074
-0.356674
0.632935
-0.548248
-0.727501
1.003809
0.293503
0.749903
-0.067348
-1.410551
0.161705
-0.237904
1.659069
-0.797348
1.987991
1.877289
0.426750
-0.507126
1.348763
0.437822
1.543999
-0.566034
-0.055485
0.247688
-1.265068
1.163692
-2.166672
0.417395
0.308018
-1.128788
-1.816177
0.396318
-0.417271
1.253433
1.177502
1.946106
0.427952
0.269451
-1.448593
0.511341
0.419807
0.227404
-1.438198
-1.329985
0.041962
-0.582409
0.497074
0.053577
0.818596
-1.227350
0.000496
-0.631180
-0.243492
1.665287
0.570345
1.404362
0.321665
1.225605
-0.001183
0.586891
-0.968494
-0.237293
0.855579
-0.761795
0.228634
1.443901
-0.290623
-0.740690
0.143948
1.323118
1.642094
-0.038490
0.641251
1.722965
0.458078
-1.018419
2.462006
-0.136013
1.367311
0.232449
0.725803
1.262054
0.918427
-1.537876
0.024700
-0.559692
0.816422
1.237106
1.014481
-0.249739
1.339588
-0.713844
0.410194
1.517353
-0.644321
0.207510
0.676136
-0.721073
0.149269
0.221767
0.649738
-0.130310
-1.483631
0.977497
-0.462570
0.667658
0.125189
1.301193
-0.472069
0.710211
-0.478973
-0.164957
-1.938591
-0.694571
-0.236454
-0.926437
0.513496
-0.009537
0.189037
0.731735
1.534691
2.097645
-0.459614
-1.755333
-0.769768
-1.438446
0.200748
-0.599289
0.368767
-0.942078
1.748962
-0.218906
0.087280
0.474110
-0.519447
0.602989
-0.252047
-0.980225
-0.436592
-0.682707
-0.241070
-1.325874
1.419163
-0.653906
0.910158
-0.931873
0.211906
1.128302
-0.029335
-0.864620
1.643677
-0.368137
-2.434692
1.057835
0.466070
0.581779
0.422173
-1.340809
0.668068
1.719627
1.184998
1.901016
-0.186348
0.463467
1.689053
-1.168022
-0.501480
-0.578156
0.907183
0.466042
-0.001698
0.091934
-1.007748
-1.192636
0.079765
-2.187653
0.611248
0.567484
-1.578331
1.039305
-0.094995
0.758257
0.514011
0.530052
0.611629
0.221319
-0.182571
-0.397530
0.946617
-0.126352
0.912924
0.765095
-0.964565
0.506458
-1.870327
0.532169
-0.150204
-0.516272
-0.096912
-0.068130
1.201611
0.772114
1.227665
-0.908432
-0.297308
0.674543
-0.168400
0.643349
0.437279
0.265455
0.214424
-0.577488
1.040211
-0.742378
1.487732
0.104666
-1.691437
0.563097
-0.395069
0.329456
-0.191984
-0.411816
1.672821
0.349188
-0.894699
-0.545883
0.861588
-0.105877
-0.679054
1.077518
-0.574036
-1.163616
0.951385
-0.443974
-1.519089
0.874195
-0.333958
1.650581
-0.379677
0.896416
0.955858
-1.476040
1.563072
1.355762
0.881367
-2.605515
-0.323944
-0.139027
-1.355095
-0.643826
-0.283833
-0.423164
-1.378565
2.517700
0.694618
0.415277
1.395206
0.415869
-0.594959
-0.020618
0.240965
-0.856895
-0.213585
-1.875916
-1.576920
0.238457
1.484299
1.185799
-1.032200
-2.577286
0.999317
0.926199
1.611366
-0.255833
0.644922
1.278629
1.442146
-0.933056
0.094395
-0.894165
-0.117378
0.588379
0.455704
0.233784
-0.247078
-0.296230
0.353889
0.396776
0.047379
0.448809
-0.449829
0.584888
-1.559029
0.585270
-0.997267
-1.505718
-1.507912
1.437473
-0.241766
1.131477
-0.236607
1.541843
-0.533390
-2.618942
-0.125179
0.344105
-0.815315
-0.376253
-1.791630
0.372219
-0.678692
-1.275806
-0.846834
-0.190315
0.907192
1.128569
-0.745096
1.731548
0.407887
-0.218544
-1.064339
-1.733189
-1.639748
-1.394882
0.581169
-0.221481
0.941620
-1.621475
0.533428
-0.716801
0.318546
0.656681
0.171728
-1.284733
-1.097593
-0.271435
-0.073833
-0.894728
0.181427
0.471478
-0.050163
-0.737562
-0.218334
-0.780926
-0.296316
1.572094
0.212708
0.192204
0.259876
0.424204
-1.177187
0.507908
-1.267853
1.305275
-0.485630
0.423250
0.675945
-2.239189
0.528069
-0.621548
-1.560116
0.554600
-0.413895
1.161318
0.398884
-0.350628
-1.102152
1.414623
-1.217136
-0.949059
1.541805
0.072613
-0.240765
1.589050
0.384388
-0.953798
-0.082550
1.702614
0.242968
0.327778
-0.313377
0.052557
0.922260
1.459408
-0.891094
-0.494823
1.453609
0.712833
1.276703
-0.522423
0.923643
-0.959129
-1.444530
-0.143833
-0.822639
-0.370159
1.897144
-0.581455
0.165863
-0.150623
0.619001
-1.485348
2.912445
-0.654631
-0.815277
-0.587540
-2.395058
-1.176872
0.392351
1.634007
1.365681
-0.678825
-1.047306
0.234880
-0.471764
0.074310
-0.134144
-0.909233
0.684929
1.459084
-0.111876
1.448574
-0.275936
-1.557541
-0.191975
-0.849581
-0.580044
-1.096115
-1.759109
1.221123
-0.779009
-0.862370
-1.022930
0.294151
-0.323753
-2.354813
-0.694838
-2.211723
-0.420017
2.753410
0.676508
-2.368050
-1.063976
-0.295458
0.445766
-0.831270
0.619307
-2.002716
0.966082
-1.709518
0.082779
1.540737
-0.407534
-1.779099
0.616064
-0.690498
-0.586720
0.678587
1.141958
-0.921974
-0.276089
0.615587
2.046013
1.422863
-1.544666
-1.173420
1.496105
-0.591183
0.852413
-1.120110
-0.431042
-0.703945
0.533466
0.405178
0.160027
0.137424
1.547546
-0.676899
-0.713367
0.641441
0.112267
0.984249
0.985870
1.340485
0.612354
0.527287
-0.458612
0.519600
0.886812
0.373316
0.995970
-0.511341
-0.522718
-1.622620
0.830326
-0.675869
1.053848
0.153818
0.469723
0.005283
0.172939
-0.783548
-0.139570
-0.204659
0.078306
-0.366058
-1.239204
-0.131264
-0.624533
-0.777912
0.329399
-2.015495
0.622730
0.037518
-0.336637
-2.174911
-1.418858
-0.682974
0.389347
0.285015
0.222111
-0.999336
-1.282234
0.498924
1.052389
-0.109024
-0.445404
1.916428
-1.363134
0.172682
-0.748568
0.566273
0.621939
-2.226372
0.716553
0.240526
-0.218592
1.138458
0.631018
-1.409264
-0.300159
1.457405
-0.930214
0.735435
0.436687
0.057840
0.738621
0.521994
0.604610
-0.847664
1.393890
0.032883
-0.730982
0.739422
2.148590
1.101685
0.047283
1.509628
-0.368671
-0.356445
-0.717134
-2.076397
-0.706348
0.345993
-0.786247
-0.264311
-1.180124
-1.659451
0.219955
0.407600
-0.004988
-0.185127
-0.707664
-1.334724
0.128727
-0.465202
-2.577324
-0.713272
1.136436
-0.115147
0.305872
0.934162
-1.821499
-0.815525
0.026903
0.657787
0.674009
-0.520906
0.799408
1.243134
0.488386
-0.193558
0.011959
0.531845
-1.830940
0.880985
-0.044098
-0.362825
0.788832
-0.350857
0.220547
0.059700
-0.658092
0.543470
-2.918549
0.409718
1.637459
-0.648289
-0.373383
0.127573
-0.246887
0.384903
-0.045414
-1.085434
-1.089191
-1.177855
-0.699158
-1.058893
0.888758
-1.123619
-0.659027
0.154314
-1.290884
0.058861
1.133804
1.234951
1.744843
-0.197229
1.463509
0.530529
-0.635986
0.130062
-1.137848
0.303173
-1.676731
-0.604553
-1.397800
-0.468845
-0.766277
-0.009937
0.451202
-1.765003
0.358362
1.748219
-0.650444
-0.074081
0.344353
-1.168957
-2.239189
0.432968
-0.019989
0.595531
-0.442772
1.349049
-1.251259
-0.085678
-0.009003
1.300869
1.227970
-0.103760
0.701017
-1.282005
0.959435
-1.533642
1.845398
1.552906
0.468559
-2.590294
-1.303625
-0.970516
-1.197052
-0.809841
0.082436
2.406349
1.203938
1.377964
0.709972
-1.473274
1.561565
0.991707
0.228558
-0.934086
-0.768404
0.658569
0.193062
-0.212746
0.237484
-0.415773
0.842056
0.990658
0.051899
-1.556129
1.344624
1.551819
0.700760
-0.252399
-0.935478
0.308695
-1.879692
-0.179539
0.954361
2.454224
-0.586481
0.675611
0.368481
-0.749855
-1.530018
1.085520
-1.350365
0.667610
0.237694
-0.707216
-1.004314
-0.286999
1.711960
0.287352
2.110634
-0.044308
-1.777840
-0.143003
0.908737
0.825176
-1.916008
-0.802250
1.749802
1.165466
-1.011581
0.184841
1.296186
-2.000618
0.394726
0.562592
-0.289907
-2.400818
-0.578985
-0.187359
2.667923
-0.036354
0.427790
-0.191078
-1.514816
-1.508923
0.871487
-0.073795
0.015144
0.805302
-0.663548
-0.382347
0.003986
0.400219
-0.466757
1.459389
1.249561
-1.787281
0.514326
-1.122952
-0.055656
0.306711
0.904617
-0.123968
0.323372
-0.844345
0.151081
0.436478
0.896158
1.125107
0.831175
-0.730572
0.397024
-1.891441
-1.020393
0.992641
1.971416
1.302423
-0.050163
-0.180321
-0.557213
-1.396770
0.174675
0.438566
0.715818
-0.157566
0.403633
0.820847
-1.058359
0.259361
1.505833
-0.118217
-1.813126
-1.006908
-0.989418
-0.204630
1.529045
1.925278
0.323544
0.875034
-0.315704
0.375652
1.081486
0.090036
0.120659
0.279388
1.186390
0.272255
0.190353
1.380882
-0.596008
1.744423
-0.232344
-1.081161
0.359821
-0.431385
0.150852
-1.657524
0.037823
1.513500
0.493908
-1.865616
-0.111609
2.265930
0.355549
-0.861540
0.425386
-1.341763
-1.799469
-0.013361
0.115891
-0.154362
-0.018387
-1.168022
1.490498
-1.327839
0.690556
0.921955
-0.551157
-2.226334
-2.259750
1.585674
-0.162296
1.547165
0.553026
0.146580
-0.854235
-1.456604
-1.488476
0.079193
1.778259
0.894756
-0.068779
-0.318336
-0.531483
-0.684395
0.767765
0.059414
1.134729
-0.789213
0.956068
-1.058035
-0.688953
-0.472946
0.314217
0.620613
1.207848
-1.590805
-2.333488
1.597519
1.084166
-1.500568
-0.433483
0.486441
0.038404
0.959129
0.269642
0.214806
-0.133276
-0.997343
1.257086
-0.403042
-0.202522
0.133667
0.987844
0.173731
0.599823
-0.744152
0.309887
-0.301056
-2.078667
-0.397930
-1.878223
-1.591606
0.639763
0.148468
-0.935001
1.352634
0.002995
1.352558
-0.521688
-1.967316
-0.264320
0.387583
0.698128
1.443214
-0.146198
2.139397
-0.522480
-0.414896
-0.359955
-0.520840
-0.319138
2.071266
1.500931
-2.357941
-0.549068
0.606298
-0.262146
-1.153965
1.331577
-0.144100
-0.218372
-0.825300
-1.190891
0.729027
0.318069
-0.479298
0.361557
-1.521206
0.568409
0.123816
-0.176888
-1.559391
-0.208244
0.396690
0.005283
-0.393572
1.725845
-0.846281
1.571369
-0.046921
-1.856823
0.104790
0.382309
1.641293
-0.162868
-1.205750
1.358395
-0.414162
-0.465717
-0.745335
-0.375309
0.451832
0.132132
0.574827
1.194420
0.597286
-0.063095
0.586548
0.287104
0.526276
-0.545807
0.517550
-0.472164
0.671844
1.147289
0.552492
-1.119785
-0.480270
0.730066
-0.576115
-2.241859
0.205402
-0.933285
-0.332413
0.901318
-2.016106
-0.848770
1.313658
-2.211056
-1.518402
0.638752
0.649939
-1.316433
0.286751
0.349960
1.548576
2.565346
-0.484276
0.487576
0.343323
2.147980
-1.864738
0.903034
-0.611773
-1.460018
1.170216
1.601601
-0.571651
-0.357857
0.860252
-0.378990
-0.810404
-0.192423
-0.546398
0.530205
0.699759
0.792599
0.071602
0.355835
-0.710669
0.048656
-0.816612
-0.414200
0.054417
2.036667
-0.187092
0.144043
0.560837
0.670815
-0.205984
-2.549019
-1.262884
0.878286
-0.829620
-0.815067
-1.413555
-0.345726
-0.008335
-0.295944
2.030029
-1.641731
1.804314
1.756153
-0.806847
-0.715199
1.068363
-2.009621
-1.710720
-0.628548
-1.173706
-1.282587
0.141888
1.164818
0.479689
-1.280718
-0.331650
0.142317
0.409775
-0.941048
-1.968365
0.933867
0.804567
0.288696
-0.441151
0.704479
0.070333
2.031670
-0.043163
-0.244236
-2.491302
1.004620
-1.251965
-1.048069
1.259632
0.506153
-0.424175
-1.120110
0.076313
2.261734
-0.552711
-1.795063
0.349445
-0.702248
0.488110
1.238880
0.256214
-1.529369
0.216331
0.363655
-0.568905
-0.948210
-0.180244
0.918989
1.049843
0.251160
-0.827446
-0.767326
-0.749378
1.427460
-2.217636
0.888405
0.203094
0.243731
1.624126
-1.393261
-0.735359
-1.659088
0.895901
0.640125
-1.394844
1.576900
0.022221
0.935059
1.410942
0.153656
-1.779575
-0.333719
-0.354919
1.088123
-0.184441
1.126223
-0.746689
0.298767
-0.046434
-0.883217
-0.927181
-0.744286
-0.149136
0.625925
0.613661
0.263243
1.261730
-0.599012
-0.956249
1.855946
0.426407
-0.746899
1.010838
-0.778179
0.873594
0.635347
0.855618
1.201248
-1.289635
-1.636677
1.686974
-0.001602
1.404343
-1.302719
0.773420
0.922623
1.432476
-1.029415
1.442165
-0.334530
-0.373878
-0.381870
1.650562
3.074188
-0.118322
0.662603
0.056658
2.042694
-1.580887
0.819168
0.084858
2.090683
0.050716
0.360489
0.631104
1.709919
-1.672382
0.731926
-1.250420
0.802383
-0.059032
0.449333
1.734085
0.746508
-0.511246
0.602608
0.023079
0.829220
0.800648
-1.174803
1.071205
-1.660995
0.849648
1.882038
-0.024281
-1.788139
-0.244255
-0.069046
-0.242081
-1.650562
-0.220985
0.750008
0.410290
0.983067
-0.993652
0.380192
-1.644745
1.018505
-1.293373
-0.176926
-0.420246
-0.798235
0.329170
0.640564
-0.037985
-0.048819
0.304575
0.491543
-0.279808
-0.123501
0.198545
-0.731020
-2.270203
-0.529547
-0.128994
-0.957355
-1.131420
1.504803
-1.834087
0.133476
-0.027599
-0.962639
1.841812
-0.633087
0.448952
-0.609303
-0.752058
-0.557470
-1.258926
-1.316128
-0.362282
-0.812016
-0.615978
0.995178
0.366440
0.248528
0.582542
1.480484
-0.377846
-0.073643
0.850134
-0.398703
-0.085316
0.477943
1.492290
1.145782
0.477200
0.749626
1.358299
1.587868
-0.416260
1.291618
2.484894
0.558167
0.405951
-1.534996
0.764189
-1.480560
0.734558
-0.021248
-2.152328
0.147419
0.471115
0.258808
0.198097
-0.316620
-0.029755
-0.362320
0.818100
-1.745644
-0.771637
0.859184
-2.223015
0.417614
1.200714
-1.538906
0.514050
1.532917
-0.904579
0.327492
-2.329712
-0.742016
0.533695
-2.138824
-0.107965
-1.913528
-0.660276
0.329447
-1.528587
-0.177841
-1.807365
-1.589012
-0.657978
0.222301
-0.671606
0.941944
-0.598373
0.664177
0.025635
-0.207806
0.455265
-0.270061
-1.149540
0.654287
0.478268
-0.271873
-1.084957
0.368404
1.576557
-0.163946
-2.328262
-0.218277
-0.009003
0.601807
-2.457809
1.867466
0.113049
-0.631266
0.626745
-1.225510
0.060463
-0.075722
-1.079788
-2.122574
1.162539
0.084000
-0.521679
-1.430779
-0.378685
-0.566864
-1.906834
-0.694571
-0.498533
-1.082907
-1.130543
0.039587
-2.444916
1.663742
0.014048
-0.567894
0.027504
-0.680313
1.713600
0.369854
-0.753326
0.652370
0.241203
0.387506
-0.825043
0.758886
0.272121
-0.221930
-0.560989
-1.319933
-1.280413
0.527067
0.125484
-1.005669
0.457439
0.200281
2.460289
-0.548496
-1.004906
-0.132484
-1.524067
1.389637
0.828056
-0.302601
1.751518
0.162716
0.206108
1.254730
-0.129833
2.803268
0.520210
-2.023621
0.537472
-1.758671
1.293402
-0.669098
-0.926056
-0.489349
-1.229725
0.580406
-1.303062
0.702648
-1.590137
-0.260630
-0.222740
0.809669
-0.108910
0.020332
-0.293045
0.704899
-0.872517
0.334740
-1.327171
-1.070271
-1.741543
0.075302
-1.304932
-1.386032
-0.245438
0.042048
1.093616
-0.282001
2.977142
1.346169
-0.766020
1.364136
-0.882397
0.302172
-0.115891
0.480118
-0.547390
0.284500
-0.441074
0.468731
-0.582466
0.119591
0.000582
0.215321
-0.053883
0.295563
-2.417946
2.171669
1.355724
0.434265
0.141258
0.283728
-0.137196
-0.068626
-1.606140
-0.063877
-0.389481
0.132046
0.068665
-0.914783
-0.986366
0.971889
0.781031
-1.655941
1.072083
0.848322
-0.830755
-0.254002
0.489416
-0.624599
-0.386887
0.811863
-0.921173
0.138187
0.635376
0.109119
-0.186615
0.525970
-0.269756
-0.415096
0.309048
0.693302
-0.029469
-0.503044
-0.346718
-0.637035
-1.164494
0.047560
-1.001472
0.521736
-1.476011
-0.015259
-0.225124
-0.451717
1.005259
0.487328
0.314369
2.020836
0.314922
0.369797
2.339401
-0.494576
0.425339
-0.762596
0.838175
-0.134106
-0.925856
0.343609
-0.358801
0.357399
-0.658207
0.176735
0.018530
0.403652
-0.736408
0.941086
1.431828
-1.319313
0.418930
0.130825
-0.113783
0.785313
-0.430470
-1.624870
0.680685
-1.215363
-2.046070
0.544071
0.166855
0.667629
0.795259
0.665398
-1.369858
-0.444365
1.707077
-0.464725
-0.885868
0.125713
-0.194283
-1.029663
-0.164757
-0.952644
0.249805
1.869793
-1.384163
0.225363
2.615662
-0.436039
0.630798
-0.091391
0.784206
0.266171
-0.008125
-0.974617
-1.057739
1.343403
1.301785
-1.645927
-0.334339
-0.243998
-0.512619
-0.055695
-1.109972
-0.323162
1.282253
1.792889
1.681881
-0.381403
-0.174141
1.661091
-0.650978
-0.801115
-0.178471
-1.037560
-0.747776
-0.582991
0.322819
-1.129971
0.202827
0.059299
-0.081825
1.253128
-1.043015
0.631113
-0.243759
-0.616751
0.514402
-0.538387
-0.350103
0.302639
0.350447
1.466160
-0.323915
0.663404
-1.382809
0.659056
-1.801262
-1.111088
-1.242771
-0.403757
1.192322
0.305319
-0.268269
1.852760
0.431385
0.761766
1.387367
1.021824
1.087608
0.195951
-1.976128
0.047531
-0.184431
0.523415
0.351009
0.339146
-0.636272
1.037121
-0.432110
1.311779
1.108599
0.120964
-0.126362
0.097313
1.361904
-0.460110
-1.505394
0.165062
-0.039215
0.666523
1.211529
-0.367889
-0.516138
-0.905657
0.312414
-1.501198
-0.326109
-0.722170
0.473747
-0.027599
0.866318
1.008835
-1.060867
0.108070
0.744915
0.827885
-0.359869
-1.606865
-1.731987
0.190735
0.474300
-0.429516
-0.718422
0.982494
-0.581894
0.753784
0.201788
0.510311
-0.359592
-0.219669
-0.129585
-0.628223
-1.588974
0.493374
0.591087
-0.917511
2.287178
0.829277
-0.331144
-0.012283
-2.606583
-0.735664
1.612091
1.156883
-1.311512
0.399456
1.033936
0.523415
1.617355
0.267830
0.123615
0.667391
-1.069679
0.240002
0.647030
1.727867
1.373177
0.495548
-1.595650
-0.199051
-0.312948
0.034933
1.193275
-1.927261
-1.323357
-0.765572
0.158968
0.434570
-0.285912
-0.545559
-0.562754
0.199661
-0.387383
0.355740
0.174055
-0.993443
-1.085186
0.188408
0.178299
-0.684395
0.317020
-1.719265
0.029068
-0.002232
0.522537
-1.068335
-0.192642
-0.539770
2.252769
0.116463
-1.707859
0.120392
-0.358639
-0.802221
-0.657110
-1.131687
-0.181932
0.843582
0.081425
-0.009136
-0.091352
0.888700
-0.488272
-0.401764
-1.267195
-0.172958
0.498695
-0.137501
-0.325546
-1.221638
-0.577888
0.521965
1.235523
0.956039
-0.135059
-0.728283
-0.274839
-0.753841
-0.175266
-0.631714
-1.396141
-0.020523
-0.893269
-0.908136
-1.136932
-0.867243
-1.240368
0.088806
-1.984844
-0.743942
1.028576
-1.197395
0.958023
0.520992
0.381966
0.521736
1.276398
-0.376339
-1.448536
-1.008301
1.562710
-1.127920
-0.938206
-0.431271
0.386486
-0.500984
-0.388508
0.431919
2.016525
0.459986
-0.255222
0.229053
-0.826931
-0.243607
-1.790810
-1.432171
-0.769548
0.119381
0.077934
-0.478668
-0.715809
-0.494633
-0.192137
0.222149
-0.799789
-0.113211
-0.873032
2.299385
0.321970
1.424828
0.545597
-0.804691
0.287333
-1.936607
0.430584
-1.028585
-1.462765
0.878563
-2.250099
-1.271229
-0.937405
-0.834827
-2.519684
-0.688095
-0.772285
-0.099735
-0.699673
-0.300426
-0.612612
-0.297632
-0.021830
-1.030245
0.852661
-0.635681
0.105171
0.632381
-0.606995
0.688534
-0.534954
-0.311804
-1.897621
-1.067190
0.755301
-0.666256
-0.070887
-0.277281
-0.171318
1.744385
-0.049248
-0.807667
0.036678
1.102190
0.862389
1.119614
-0.207729
-1.082897
-0.243092
0.598831
-0.469227
1.257763
0.786438
1.407928
-0.398445
-0.368080
-0.619984
-2.020359
-0.865650
0.118551
-0.001583
1.555443
0.294724
0.245705
0.134258
-0.162106
-0.421486
1.568489
-0.444469
0.047264
-1.297722
-1.869392
-0.279341
-0.390387
-0.661945
0.350771
-1.294327
-0.081062
-0.275393
-0.548782
-0.649643
-1.166592
-0.617828
1.184950
-0.332775
1.282272
-0.431061
-1.379204
0.413494
0.414419
0.731621
0.598021
-1.280727
-0.554905
1.101418
1.190643
1.396217
-1.176939
1.291275
-0.886192
-1.418819
-1.839085
0.070591
0.286579
0.502205
0.701113
-1.177483
-1.317139
-0.225163
0.825891
1.571445
-0.501308
0.066290
0.742645
0.026207
0.428476
0.925293
-0.626955
-1.693020
-0.639515
0.306072
1.896667
-0.669909
0.272312
-0.172815
0.013065
0.011940
-0.707483
1.417866
-0.878286
-0.092888
-0.983362
-0.728855
-0.349007
-0.199785
-0.056515
-0.633678
-1.261654
0.015469
-0.028982
-0.147038
0.058193
-0.335560
-0.042534
0.202036
-0.037479
-1.410618
0.140610
-2.081490
0.959654
0.661182
-0.659447
-0.178986
0.782003
1.250458
0.156126
0.012703
-0.840578
0.475941
-2.226334
0.063124
-0.169468
-0.682201
-0.170040
1.076679
-0.895519
-0.024052
0.255470
-0.786295
1.433487
-0.093069
1.516342
1.323433
0.358105
-0.402966
1.864758
-1.579399
0.728931
1.019287
-0.835361
0.538664
-0.742130
0.552254
0.273943
-1.385117
-0.099449
-0.724125
-1.372147
0.325890
-0.007010
-0.365772
0.514889
-0.264292
-0.678711
2.280045
0.146103
-1.538887
2.442207
-0.741596
0.348921
1.730289
0.163422
-2.291565
-0.788450
0.141010
0.737095
-0.659714
0.519924
0.452356
-0.134029
-1.681042
-1.247978
-0.677090
1.201916
-0.844603
-1.020098
-0.141277
2.495766
-1.465816
0.739670
-2.694931
0.205154
-2.403183
0.394421
0.039959
1.070881
-0.029182
1.609058
0.894814
0.135746
-0.407515
0.425644
-1.524734
0.354004
-1.951065
-0.340891
-0.183477
0.100193
1.545010
0.973301
-0.098467
0.904932
-0.958242
-1.031609
-0.472422
0.444469
-0.597076
0.020113
-1.293039
-0.702124
0.973663
0.540676
0.590229
-0.874443
-0.861835
0.502415
0.408421
-0.307560
0.974388
0.427761
0.889835
-0.315504
1.336975
-1.267490
1.109715
-1.679878
0.011368
0.900049
-2.857780
-0.718412
-0.759258
-0.636492
0.207834
0.828724
0.210819
0.069284
-0.610180
0.180664
-0.286913
0.761223
0.016613
-0.924168
1.084099
-0.060406
0.947514
-1.366062
0.453377
-1.930656
-1.301174
0.805664
1.300240
0.301619
0.210466
-1.020603
0.631599
-0.686178
1.171970
0.969467
-0.128193
-0.999804
-0.297508
-0.636015
-1.229477
1.076927
-0.525455
0.856228
-0.544701
-1.306419
0.289268
0.904350
1.069736
-0.596905
-0.736618
1.116934
-0.299969
-0.367079
-2.434731
-0.877991
-0.314398
1.671982
1.234322
-0.408516
-0.317078
-0.027571
1.598301
1.655254
-1.369247
0.393038
-0.998707
0.437527
0.765276
0.834446
1.574287
0.116043
0.608387
-1.114006
-0.419626
0.552473
0.665703
0.884018
1.273956
-0.164623
-0.527029
-1.767578
0.906906
-1.644402
-1.412888
0.599537
-2.202568
0.112324
0.022449
0.757790
-0.600090
-1.118622
-0.262146
1.481953
0.736532
1.051044
-0.303450
0.623379
-1.399441
-0.986080
1.196899
2.114182
-0.882092
0.993404
-0.596056
-0.497990
-0.713367
-0.503435
1.569595
-0.460968
-0.001335
-0.215054
-0.094728
-0.805759
-1.489468
-1.119289
0.081844
-1.754856
-1.732788
0.327702
0.123940
-0.148373
0.949402
0.501118
0.689068
1.374798
0.487766
0.189323
-0.027075
0.925827
-1.116371
1.084442
0.182810
-1.324682
1.070127
-0.113173
0.996008
0.028400
0.851030
0.054283
-0.794983
-0.168915
-0.023937
1.638260
0.652981
-0.924759
0.146093
-0.584641
-1.720924
1.063519
-1.635609
-1.047516
-1.806488
-1.221008
-1.488438
-1.464806
0.545444
-0.770941
-0.146685
-0.081577
-0.261288
-1.143074
0.910130
1.374092
-0.852880
-0.060120
-0.788460
-0.281620
0.166655
0.692520
1.204615
-0.235443
-0.939922
0.748386
-1.832256
0.904913
-0.921078
-0.873013
-1.544991
0.568562
0.477676
-0.039082
1.515236
0.130301
-1.653252
0.367908
-0.949039
-0.075207
-0.106030
-1.001215
-0.226765
-0.130119
1.969872
0.611610
-0.207729
0.503941
0.549288
-1.699028
0.093575
-0.008850
-1.092701
-0.813704
1.085205
1.177559
1.233482
-1.156540
0.017824
-0.554247
-0.646915
0.737305
-1.650181
-1.137295
0.679665
0.388908
-0.139017
-0.407314
-1.080570
0.431118
0.911007
0.599022
-1.314259
0.699186
0.138483
-0.111046
-1.053276
-0.693960
0.073261
0.840130
-0.023766
0.913506
-0.761967
-1.151314
0.489616
0.055599
0.207310
-1.395798
1.829109
1.045876
-0.432339
-0.831575
0.236740
-0.996447
0.907345
0.370045
0.747595
-1.714001
0.709381
0.783081
1.102571
-1.068363
-0.254154
-1.094723
-0.699844
-1.045284
-0.601559
-0.507870
0.330372
-1.363173
-0.110054
-0.500450
-0.733757
-0.200405
1.395226
0.590229
-1.270599
1.026325
0.854778
-0.099049
0.079346
-0.853395
-0.462093
-0.384045
-1.009893
0.027332
0.247173
0.260220
-0.309238
-0.756683
-1.383476
0.076685
-1.333542
0.102549
-0.963221
0.331268
-0.803127
1.219921
2.046013
0.333595
0.200434
-0.868397
0.395746
-0.785160
0.049381
-0.525856
-0.335674
-0.389214
-0.347204
1.161041
-1.828709
-0.234938
-0.899963
-0.962734
-0.122204
1.204910
0.224323
0.335150
0.207043
0.495234
0.468483
0.098248
1.518707
-1.222839
0.323772
-0.578957
-1.205997
-0.982704
0.456085
-0.570831
0.456295
1.802998
1.192951
0.677700
0.759401
-1.003723
0.570316
0.180664
-0.680876
-0.015965
1.011658
-0.153704
-0.578556
0.392561
1.604271
-0.238457
0.618982
0.620394
1.103134
-0.526400
-1.115150
-0.643997
0.524654
-0.988579
2.935944
0.826530
-0.290432
-1.495323
-0.837021
0.844507
-1.164474
1.559753
0.002632
0.372629
1.386108
0.566654
1.715584
0.050573
-0.616608
-0.404339
0.262804
1.033974
1.976585
0.235405
0.547514
0.384884
-0.719213
0.366135
-0.382900
0.003490
-0.538158
-0.182867
-1.419544
0.140724
-0.666752
0.969734
0.332851
-0.469952
0.682316
-0.946827
-3.101044
0.922909
0.905752
-1.544971
0.088158
0.475960
1.488819
-0.992889
0.407829
-1.579742
-0.514946
1.586018
1.061802
2.413750
1.073246
-0.959587
-0.940514
-0.404940
0.094948
1.031179
